01/01/1981	1	1981	1
01/02/1981	2	1981	2
01/03/1981	3	1981	3
01/04/1981	4	1981	4
01/05/1981	5	1981	5
01/06/1981	6	1981	6
01/07/1981	7	1981	7
01/08/1981	8	1981	8
01/09/1981	9	1981	9
01/10/1981	10	1981	10
01/11/1981	11	1981	11
01/12/1981	12	1981	12
01/01/1982	13	1982	1
01/02/1982	14	1982	2
01/03/1982	15	1982	3
01/04/1982	16	1982	4
01/05/1982	17	1982	5
01/06/1982	18	1982	6
01/07/1982	19	1982	7
01/08/1982	20	1982	8
01/09/1982	21	1982	9
01/10/1982	22	1982	10
01/11/1982	23	1982	11
01/12/1982	24	1982	12
01/01/1983	25	1983	1
01/02/1983	26	1983	2
01/03/1983	27	1983	3
01/04/1983	28	1983	4
01/05/1983	29	1983	5
01/06/1983	30	1983	6
01/07/1983	31	1983	7
01/08/1983	32	1983	8
01/09/1983	33	1983	9
01/10/1983	34	1983	10
01/11/1983	35	1983	11
01/12/1983	36	1983	12
01/01/1984	37	1984	1
01/02/1984	38	1984	2
01/03/1984	39	1984	3
01/04/1984	40	1984	4
01/05/1984	41	1984	5
01/06/1984	42	1984	6
01/07/1984	43	1984	7
01/08/1984	44	1984	8
01/09/1984	45	1984	9
01/10/1984	46	1984	10
01/11/1984	47	1984	11
01/12/1984	48	1984	12
01/01/1985	49	1985	1
01/02/1985	50	1985	2
01/03/1985	51	1985	3
01/04/1985	52	1985	4
01/05/1985	53	1985	5
01/06/1985	54	1985	6
01/07/1985	55	1985	7
01/08/1985	56	1985	8
01/09/1985	57	1985	9
01/10/1985	58	1985	10
01/11/1985	59	1985	11
01/12/1985	60	1985	12
01/01/1986	61	1986	1
01/02/1986	62	1986	2
01/03/1986	63	1986	3
01/04/1986	64	1986	4
01/05/1986	65	1986	5
01/06/1986	66	1986	6
01/07/1986	67	1986	7
01/08/1986	68	1986	8
01/09/1986	69	1986	9
01/10/1986	70	1986	10
01/11/1986	71	1986	11
01/12/1986	72	1986	12
01/01/1987	73	1987	1
01/02/1987	74	1987	2
01/03/1987	75	1987	3
01/04/1987	76	1987	4
01/05/1987	77	1987	5
01/06/1987	78	1987	6
01/07/1987	79	1987	7
01/08/1987	80	1987	8
01/09/1987	81	1987	9
01/10/1987	82	1987	10
01/11/1987	83	1987	11
01/12/1987	84	1987	12
01/01/1988	85	1988	1
01/02/1988	86	1988	2
01/03/1988	87	1988	3
01/04/1988	88	1988	4
01/05/1988	89	1988	5
01/06/1988	90	1988	6
01/07/1988	91	1988	7
01/08/1988	92	1988	8
01/09/1988	93	1988	9
01/10/1988	94	1988	10
01/11/1988	95	1988	11
01/12/1988	96	1988	12
01/01/1989	97	1989	1
01/02/1989	98	1989	2
01/03/1989	99	1989	3
01/04/1989	100	1989	4
01/05/1989	101	1989	5
01/06/1989	102	1989	6
01/07/1989	103	1989	7
01/08/1989	104	1989	8
01/09/1989	105	1989	9
01/10/1989	106	1989	10
01/11/1989	107	1989	11
01/12/1989	108	1989	12
01/01/1990	109	1990	1
01/02/1990	110	1990	2
01/03/1990	111	1990	3
01/04/1990	112	1990	4
01/05/1990	113	1990	5
01/06/1990	114	1990	6
01/07/1990	115	1990	7
01/08/1990	116	1990	8
01/09/1990	117	1990	9
01/10/1990	118	1990	10
01/11/1990	119	1990	11
01/12/1990	120	1990	12
01/01/1991	121	1991	1
01/02/1991	122	1991	2
01/03/1991	123	1991	3
01/04/1991	124	1991	4
01/05/1991	125	1991	5
01/06/1991	126	1991	6
01/07/1991	127	1991	7
01/08/1991	128	1991	8
01/09/1991	129	1991	9
01/10/1991	130	1991	10
01/11/1991	131	1991	11
01/12/1991	132	1991	12
01/01/1992	133	1992	1
01/02/1992	134	1992	2
01/03/1992	135	1992	3
01/04/1992	136	1992	4
01/05/1992	137	1992	5
01/06/1992	138	1992	6
01/07/1992	139	1992	7
01/08/1992	140	1992	8
01/09/1992	141	1992	9
01/10/1992	142	1992	10
01/11/1992	143	1992	11
01/12/1992	144	1992	12
01/01/1993	145	1993	1
01/02/1993	146	1993	2
01/03/1993	147	1993	3
01/04/1993	148	1993	4
01/05/1993	149	1993	5
01/06/1993	150	1993	6
01/07/1993	151	1993	7
01/08/1993	152	1993	8
01/09/1993	153	1993	9
01/10/1993	154	1993	10
01/11/1993	155	1993	11
01/12/1993	156	1993	12
01/01/1994	157	1994	1
01/02/1994	158	1994	2
01/03/1994	159	1994	3
01/04/1994	160	1994	4
01/05/1994	161	1994	5
01/06/1994	162	1994	6
01/07/1994	163	1994	7
01/08/1994	164	1994	8
01/09/1994	165	1994	9
01/10/1994	166	1994	10
01/11/1994	167	1994	11
01/12/1994	168	1994	12
01/01/1995	169	1995	1
01/02/1995	170	1995	2
01/03/1995	171	1995	3
01/04/1995	172	1995	4
01/05/1995	173	1995	5
01/06/1995	174	1995	6
01/07/1995	175	1995	7
01/08/1995	176	1995	8
01/09/1995	177	1995	9
01/10/1995	178	1995	10
01/11/1995	179	1995	11
01/12/1995	180	1995	12
01/01/1996	181	1996	1
01/02/1996	182	1996	2
01/03/1996	183	1996	3
01/04/1996	184	1996	4
01/05/1996	185	1996	5
01/06/1996	186	1996	6
01/07/1996	187	1996	7
01/08/1996	188	1996	8
01/09/1996	189	1996	9
01/10/1996	190	1996	10
01/11/1996	191	1996	11
01/12/1996	192	1996	12
01/01/1997	193	1997	1
01/02/1997	194	1997	2
01/03/1997	195	1997	3
01/04/1997	196	1997	4
01/05/1997	197	1997	5
01/06/1997	198	1997	6
01/07/1997	199	1997	7
01/08/1997	200	1997	8
01/09/1997	201	1997	9
01/10/1997	202	1997	10
01/11/1997	203	1997	11
01/12/1997	204	1997	12
01/01/1998	205	1998	1
01/02/1998	206	1998	2
01/03/1998	207	1998	3
01/04/1998	208	1998	4
01/05/1998	209	1998	5
01/06/1998	210	1998	6
01/07/1998	211	1998	7
01/08/1998	212	1998	8
01/09/1998	213	1998	9
01/10/1998	214	1998	10
01/11/1998	215	1998	11
01/12/1998	216	1998	12
01/01/1999	217	1999	1
01/02/1999	218	1999	2
01/03/1999	219	1999	3
01/04/1999	220	1999	4
01/05/1999	221	1999	5
01/06/1999	222	1999	6
01/07/1999	223	1999	7
01/08/1999	224	1999	8
01/09/1999	225	1999	9
01/10/1999	226	1999	10
01/11/1999	227	1999	11
01/12/1999	228	1999	12
01/01/2000	229	2000	1
01/02/2000	230	2000	2
01/03/2000	231	2000	3
01/04/2000	232	2000	4
01/05/2000	233	2000	5
01/06/2000	234	2000	6
01/07/2000	235	2000	7
01/08/2000	236	2000	8
01/09/2000	237	2000	9
01/10/2000	238	2000	10
01/11/2000	239	2000	11
01/12/2000	240	2000	12
01/01/2001	241	2001	1
01/02/2001	242	2001	2
01/03/2001	243	2001	3
01/04/2001	244	2001	4
01/05/2001	245	2001	5
01/06/2001	246	2001	6
01/07/2001	247	2001	7
01/08/2001	248	2001	8
01/09/2001	249	2001	9
01/10/2001	250	2001	10
01/11/2001	251	2001	11
01/12/2001	252	2001	12
01/01/2002	253	2002	1
01/02/2002	254	2002	2
01/03/2002	255	2002	3
01/04/2002	256	2002	4
01/05/2002	257	2002	5
01/06/2002	258	2002	6
01/07/2002	259	2002	7
01/08/2002	260	2002	8
01/09/2002	261	2002	9
01/10/2002	262	2002	10
01/11/2002	263	2002	11
01/12/2002	264	2002	12
01/01/2003	265	2003	1
01/02/2003	266	2003	2
01/03/2003	267	2003	3
01/04/2003	268	2003	4
01/05/2003	269	2003	5
01/06/2003	270	2003	6
01/07/2003	271	2003	7
01/08/2003	272	2003	8
01/09/2003	273	2003	9
01/10/2003	274	2003	10
01/11/2003	275	2003	11
01/12/2003	276	2003	12
01/01/2004	277	2004	1
01/02/2004	278	2004	2
01/03/2004	279	2004	3
01/04/2004	280	2004	4
01/05/2004	281	2004	5
01/06/2004	282	2004	6
01/07/2004	283	2004	7
01/08/2004	284	2004	8
01/09/2004	285	2004	9
01/10/2004	286	2004	10
01/11/2004	287	2004	11
01/12/2004	288	2004	12
01/01/2005	289	2005	1
01/02/2005	290	2005	2
01/03/2005	291	2005	3
01/04/2005	292	2005	4
01/05/2005	293	2005	5
01/06/2005	294	2005	6
01/07/2005	295	2005	7
01/08/2005	296	2005	8
01/09/2005	297	2005	9
01/10/2005	298	2005	10
01/11/2005	299	2005	11
01/12/2005	300	2005	12
01/01/2006	301	2006	1
01/02/2006	302	2006	2
01/03/2006	303	2006	3
01/04/2006	304	2006	4
01/05/2006	305	2006	5
01/06/2006	306	2006	6
01/07/2006	307	2006	7
01/08/2006	308	2006	8
01/09/2006	309	2006	9
01/10/2006	310	2006	10
01/11/2006	311	2006	11
01/12/2006	312	2006	12
01/01/2007	313	2007	1
01/02/2007	314	2007	2
01/03/2007	315	2007	3
01/04/2007	316	2007	4
01/05/2007	317	2007	5
01/06/2007	318	2007	6
01/07/2007	319	2007	7
01/08/2007	320	2007	8
01/09/2007	321	2007	9
01/10/2007	322	2007	10
01/11/2007	323	2007	11
01/12/2007	324	2007	12
01/01/2008	325	2008	1
01/02/2008	326	2008	2
01/03/2008	327	2008	3
01/04/2008	328	2008	4
01/05/2008	329	2008	5
01/06/2008	330	2008	6
01/07/2008	331	2008	7
01/08/2008	332	2008	8
01/09/2008	333	2008	9
01/10/2008	334	2008	10
01/11/2008	335	2008	11
01/12/2008	336	2008	12
01/01/2009	337	2009	1
01/02/2009	338	2009	2
01/03/2009	339	2009	3
01/04/2009	340	2009	4
01/05/2009	341	2009	5
01/06/2009	342	2009	6
01/07/2009	343	2009	7
01/08/2009	344	2009	8
01/09/2009	345	2009	9
01/10/2009	346	2009	10
01/11/2009	347	2009	11
01/12/2009	348	2009	12
01/01/2010	349	2010	1
01/02/2010	350	2010	2
01/03/2010	351	2010	3
01/04/2010	352	2010	4
01/05/2010	353	2010	5
01/06/2010	354	2010	6
01/07/2010	355	2010	7
01/08/2010	356	2010	8
01/09/2010	357	2010	9
01/10/2010	358	2010	10
01/11/2010	359	2010	11
01/12/2010	360	2010	12
01/01/2011	361	2011	1
01/02/2011	362	2011	2
01/03/2011	363	2011	3
01/04/2011	364	2011	4
01/05/2011	365	2011	5
01/06/2011	366	2011	6
01/07/2011	367	2011	7
01/08/2011	368	2011	8
01/09/2011	369	2011	9
01/10/2011	370	2011	10
01/11/2011	371	2011	11
01/12/2011	372	2011	12
01/01/2012	373	2012	1
01/02/2012	374	2012	2
01/03/2012	375	2012	3
01/04/2012	376	2012	4
01/05/2012	377	2012	5
01/06/2012	378	2012	6
01/07/2012	379	2012	7
01/08/2012	380	2012	8
01/09/2012	381	2012	9
01/10/2012	382	2012	10
01/11/2012	383	2012	11
01/12/2012	384	2012	12
01/01/2013	385	2013	1
01/02/2013	386	2013	2
01/03/2013	387	2013	3
01/04/2013	388	2013	4
01/05/2013	389	2013	5
01/06/2013	390	2013	6
01/07/2013	391	2013	7
01/08/2013	392	2013	8
01/09/2013	393	2013	9
01/10/2013	394	2013	10
01/11/2013	395	2013	11
01/12/2013	396	2013	12
01/01/2014	397	2014	1
01/02/2014	398	2014	2
01/03/2014	399	2014	3
01/04/2014	400	2014	4
01/05/2014	401	2014	5
01/06/2014	402	2014	6
01/07/2014	403	2014	7
01/08/2014	404	2014	8
01/09/2014	405	2014	9
01/10/2014	406	2014	10
01/11/2014	407	2014	11
01/12/2014	408	2014	12
01/01/2015	409	2015	1
01/02/2015	410	2015	2
01/03/2015	411	2015	3
01/04/2015	412	2015	4
01/05/2015	413	2015	5
01/06/2015	414	2015	6
01/07/2015	415	2015	7
01/08/2015	416	2015	8
01/09/2015	417	2015	9
01/10/2015	418	2015	10
01/11/2015	419	2015	11
01/12/2015	420	2015	12
01/01/2016	421	2016	1
01/02/2016	422	2016	2
01/03/2016	423	2016	3
01/04/2016	424	2016	4
01/05/2016	425	2016	5
01/06/2016	426	2016	6
01/07/2016	427	2016	7
01/08/2016	428	2016	8
01/09/2016	429	2016	9
01/10/2016	430	2016	10
01/11/2016	431	2016	11
01/12/2016	432	2016	12
01/01/2017	433	2017	1
01/02/2017	434	2017	2
01/03/2017	435	2017	3
01/04/2017	436	2017	4
01/05/2017	437	2017	5
01/06/2017	438	2017	6
01/07/2017	439	2017	7
01/08/2017	440	2017	8
01/09/2017	441	2017	9
01/10/2017	442	2017	10
01/11/2017	443	2017	11
01/12/2017	444	2017	12
01/01/2018	445	2018	1
01/02/2018	446	2018	2
01/03/2018	447	2018	3
01/04/2018	448	2018	4
01/05/2018	449	2018	5
01/06/2018	450	2018	6
01/07/2018	451	2018	7
01/08/2018	452	2018	8
01/09/2018	453	2018	9
01/10/2018	454	2018	10
01/11/2018	455	2018	11
01/12/2018	456	2018	12
01/01/2019	457	2019	1
01/02/2019	458	2019	2
01/03/2019	459	2019	3
01/04/2019	460	2019	4
01/05/2019	461	2019	5
01/06/2019	462	2019	6
01/07/2019	463	2019	7
01/08/2019	464	2019	8
01/09/2019	465	2019	9
01/10/2019	466	2019	10
01/11/2019	467	2019	11
01/12/2019	468	2019	12
